0, 1.000000
1, 1.099000
2, 1.207692
3, 1.327003
4, 1.457942
5, 1.601611
6, 1.759207
7, 1.932033
8, 2.121503
9, 2.329153
10, 2.556643
11, 2.805771
12, 3.078476
13, 3.376846
14, 3.703128
15, 4.059727
16, 4.449219
17, 4.874345
18, 5.338020
19, 5.843328
20, 6.393516
21, 6.991991
22, 7.642302
23, 8.348127
24, 9.113249
25, 9.941522
26, 10.836841
27, 11.803088
28, 12.844084
29, 13.963522
30, 15.164894
31, 16.451409
32, 17.825901
33, 19.290729
34, 20.847669
35, 22.497811
36, 24.241441
37, 26.077937
38, 28.005672
39, 30.021922
40, 32.122798
41, 34.303204
42, 36.556814
43, 38.876095
44, 41.252354
45, 43.675832
46, 46.135837
47, 48.620906
48, 51.119004
49, 53.617751
50, 56.104663
51, 58.567396
52, 60.993996
53, 63.373128
54, 65.694288
55, 67.947977
56, 70.125847
57, 72.220797
58, 74.227034
59, 76.140084
60, 77.956780
61, 79.675199
62, 81.294581
63, 82.815231
64, 84.238391
65, 85.566124
66, 86.801175
67, 87.946848
68, 89.006885
69, 89.985348
70, 90.886520
71, 91.714812
72, 92.474687
73, 93.170588
74, 93.806888
75, 94.387845
76, 94.917564
77, 95.399976
78, 95.838818
79, 96.237621
80, 96.599704
81, 96.928171
82, 97.225918
83, 97.495631
84, 97.739796
85, 97.960708
86, 98.160478
87, 98.341046
88, 98.504190
89, 98.651533
90, 98.784562
91, 98.904628
92, 99.012965
93, 99.110695
94, 99.198834
95, 99.278309
96, 99.349957
97, 99.414539
98, 99.472742
99, 99.525190
100, 99.572446
101, 99.615018
102, 99.653368
103, 99.687911
104, 99.719023
105, 99.747042
106, 99.772273
107, 99.794994
108, 99.815453
109, 99.833873
110, 99.850458
111, 99.865390
112, 99.878833
113, 99.890935
114, 99.901830
115, 99.911637
116, 99.920466
117, 99.928413
118, 99.935566
119, 99.942006
120, 99.947802
121, 99.953019
122, 99.957715
123, 99.961941
124, 99.965746
125, 99.969170
126, 99.972252
127, 99.975026
128, 99.977523
129, 99.979770
130, 99.981793
131, 99.983613
132, 99.985251
133, 99.986726
134, 99.988053
135, 99.989248
136, 99.990323
137, 99.991291
138, 99.992161
139, 99.992945
140, 99.993651
141, 99.994286
142, 99.994857
143, 99.995371
144, 99.995834
145, 99.996251
146, 99.996626
147, 99.996963
148, 99.997267
149, 99.997540
150, 99.997786
151, 99.998007
152, 99.998207
153, 99.998386
154, 99.998547
155, 99.998693
156, 99.998823
157, 99.998941
158, 99.999047
159, 99.999142
160, 99.999228
161, 99.999305
162, 99.999375
163, 99.999437
164, 99.999494
165, 99.999544
166, 99.999590
167, 99.999631
168, 99.999668
169, 99.999701
170, 99.999731
171, 99.999758
172, 99.999782
173, 99.999804
174, 99.999823
175, 99.999841
176, 99.999857
177, 99.999871
178, 99.999884
179, 99.999896
180, 99.999906
181, 99.999916
182, 99.999924
183, 99.999932
184, 99.999938
185, 99.999945
186, 99.999950
187, 99.999955
188, 99.999960
189, 99.999964
190, 99.999967
191, 99.999971
192, 99.999973
193, 99.999976
194, 99.999979
195, 99.999981
196, 99.999983
197, 99.999984
198, 99.999986
199, 99.999987
200, 99.999989
201, 99.999990
202, 99.999991
203, 99.999992
204, 99.999993
205, 99.999993
206, 99.999994
207, 99.999995
208, 99.999995
209, 99.999996
210, 99.999996
211, 99.999996
212, 99.999997
213, 99.999997
214, 99.999997
215, 99.999998
216, 99.999998
217, 99.999998
218, 99.999998
219, 99.999998
220, 99.999999
221, 99.999999
222, 99.999999
223, 99.999999
224, 99.999999
225, 99.999999
226, 99.999999
227, 99.999999
228, 99.999999
229, 99.999999
230, 100.000000
231, 100.000000
232, 100.000000
233, 100.000000
234, 100.000000
235, 100.000000
236, 100.000000
237, 100.000000
238, 100.000000
239, 100.000000
240, 100.000000
241, 100.000000
242, 100.000000
243, 100.000000
244, 100.000000
245, 100.000000
246, 100.000000
247, 100.000000
248, 100.000000
249, 100.000000
250, 100.000000
251, 100.000000
252, 100.000000
253, 100.000000
254, 100.000000
255, 100.000000
256, 100.000000
257, 100.000000
258, 100.000000
259, 100.000000
260, 100.000000
261, 100.000000
262, 100.000000
263, 100.000000
264, 100.000000
265, 100.000000
266, 100.000000
267, 100.000000
268, 100.000000
269, 100.000000
270, 100.000000
271, 100.000000
272, 100.000000
273, 100.000000
274, 100.000000
275, 100.000000
276, 100.000000
277, 100.000000
278, 100.000000
279, 100.000000
280, 100.000000
281, 100.000000
282, 100.000000
283, 100.000000
284, 100.000000
285, 100.000000
286, 100.000000
287, 100.000000
288, 100.000000
289, 100.000000
290, 100.000000
291, 100.000000
292, 100.000000
293, 100.000000
294, 100.000000
295, 100.000000
296, 100.000000
297, 100.000000
298, 100.000000
299, 100.000000
